ssh_private_key: !vault |
          $ANSIBLE_VAULT;1.2;AES256;dev
          35353633636330336337373134303464656633346139343534343639356234633562616636626636
          3639396533343434306233316234653333656634356435370a633764643330643539616131613939
          38616430356333376430363961326462396536313435383964306430383166323564666362316164
          3633656334386232630a383466633862303263626639323063653162356138356133373239373231
          32353239613961376264616339363062623661343963643036616266656165616631653561383238
          34663638316162383435343037346235306666393932626162656339613638386638366162303338
          61353032366337646164663630653162333731636430623139383664653065366339343863646532
          65313336336265396334613530366165616435343832626330643632333238663361626437366639
          32366638636439306638386531613539386365323632396238613862643164663131373061396237
          35623531643863343362613135633138666361303930333336656163363133613230646665353130
          35623833393961313330346139346430393733303035326165306565363233356239386434633763
          37306664393432623939316235356631366365393537396531343231363932636432663431353063
          33666135323964323031643433653933313630356564653236643466636537346234663238333066
          34383732336564626632616337343663613664643965623666323537393065313533326138326666
          37373966313765643362333736356637666533623265633137646636366537396534353832633831
          34633637316561323865326231663132666663633737383439326466393535396336303165653530
          32366239313438313564383136303966316533393635666336363932383263383535343065396532
          30383036343763663561373763633531616261346335636663336366333434663235303036633766
          37326233383933373862333636303135653965363533616437313066343439373465383062643433
          61303230393561333139333430633231373035396565623539373466306565326261336563373735
          37643333313335643831663038346436623736353434346363323636633561383565363265393137
          34393364376561366635353161386637346163643461303034646561393137616634613535316136
          34623931323635323766613339353665643164303062626262353434356332626439373230663739
          33626164616434633635353437303036333762663137373035383961366166363236613366393666
          35383364636133313133393332653839663462666564666234323737366537343864633939353763
          33623935356530316232646339613661363861313834363230306138373730373461323164666533
          30663439383066333239326461306265666364383736393538623362363033616464366536303863
          35353065383934333664353633643464303164383162623165323632333862623336303265396235
          35343261383462316631313063333434626233666563323232626666636262353332646136363865
          63613130343961363731623565353935343532626566346538613865306337656638323931306366
          34313132656432326332313835643231373862303461643663383239383035363335616330383333
          30643933393464393332646539336366643361343862333863643461646134366239653466326237
          38366635623962353862386466643163376234653263323733643562393130333037396165643165
          35333237663064623537336536343239356630646335343436316364396662653764636562653731
          32386664643634643461303833303562633233313364663032353361646566656633633265653831
          31653562303566663765626235623237633361623135353166396664653032353032343238656463
          65626331663533316566633938636630393232323562396666313236326631393032313162316532
          39316662623731376636323062346465386433333237326233323539356232616662316535333634
          65333864326462633431333737643936353765343231306239393539383730356539386536643364
          64383335616164383263313537343935336631633734633665393939396132363131336638393663
          33363862626434363661643230313666663166353133386432303765313330376134653835643763
          34373466656434376638326537613263663365316439376138616131323832633732356666353130
          33333330323837646536396530373530303861643363613865303463356339393035656332343932
          64316233646461333666346664323663373964643565316633363264646532613738366363626262
          33643730316530393332666161626332346431373932626634613237623638393532656433616230
          35343634333737663933623736616561363738373462616434316431323662643463623630363962
          31326535343532343966626665373632653038636531313732316663653962653065323634613461
          66613061313531623131333037303064353339383236336239356530313532643630366535663232
          64323666326261653136656561643531623236663430313235303333313161373435323731373466
          65623566343466356434336261643038303235396533616363303035366264326331343439666532
          64333364316365326233373638653236663436656639323661366466326231306164343738383065
          65623635333266376362623566366439363563343361396461323031306634346664316334633736
          64303935633331373662653362336466373435323538363365333732633035643932643832356236
          32376330323033633466386332336133656536323831313631623633366331396434653235303231
          64333138353161326664653532383131356635353330303030343538393531626265383732623966
          66313837623637636566646235613738303835616633313639376161306338336133396365346465
          39343832323138663333306638323963363033313534396338396634363136326161626533333035
          64363139366665323536393431323366393261663437363861363139643836323036383461336330
          36626365646437356631373331666434323164336234383436363835656639613964373131313334
          65663434316666623766353038663535343561376230383939626535646432643539633534386564
          65653033656436313365356663316234323430626632343438653830643535623330396434353865
          39386534333335376337306232366632393132343561616462623931376632613030343161303235
          39633731333039366335353166376138393331323462663537346664613266623331303333343735
          61313437636230613637653132663039666632633839353737326164613338303561613561376233
          38366533313238663363626435363036373764306138656635643864336666323234346437346632
          37356661373564613538643031653665336534333733373339343536396463323261393435643365
          64333639363962663534636439343666346166643564623861343366396137353032626434373531
          32396633343762333264323362383435393436393337666435326436623133363438386636366465
          32353766356436633736623639366232383631363766646539313737366339356635633935626335
          64386434633763393035636538326631393961306438313631383633616132643366613563323436
          66633435623437633461613261626535623135363337396538353665333864373031323063633835
          33626466636433303038313264353664663238656662326339333138353365626436373663643539
          61663764393338373762363138666436343232623734636663373661363037303135393234616331
          39616231656461323064633564326634316134323737616138306239663036343433613032613436
          31363461353563663831376461663836303031616134656333323166653863346665636134343136
          31653638613433366139623766326465313538393235656565646332343362376431393063376331
          30343530306537303363336333313963613266303331343432646139646339373763313032356361
          37343935646334316237643463626564396566633332353763666365633634396562353663623734
          64306562316238373934306633373362343163313233333130613764396230366366316138313533
          64613531646365376564353535313134373263393662333636393563393533303136636466613130
          38386636383439366562626166303739326434656139623233356534646136616662653032376432
          66336635666561373961346333383032626361303239303730633564303534353237396164653964
          32326161363964326532386339336130356631636461643731366535663233393731346333373837
          31303861643463656431393866373665383837396138363231346162306430343735646137303063
          65333431613864623238336166393763333130616537626534353338373534653861303733333161
          65613538323332303165633938363431373439393434613132346438366230303230356230303766
          62326436316564636530613761383561323035363363663337656134313161356562383564313564
          31636263643765303238
